PRIO 5
0000:    0  400   50   50 2 |  2926  2926   437  2089
0001:    0  300   40   40 4 |  2126  2126   366  1460
0002:    1  200   30   50 2 |  2258  2257   226  1831
0003:    1  301   20   10 4 |  1465  1464   122  1041
0004:    9  302   20   20 4 |  1743  1734   315  1117
0005:   10  303   15   30 1 |  3224  3214   643  2268
0006:   10  304    5   40 3 |  2598  2588  1898   386
0007:   11  305   20   40 3 |  2505  2494   721  1468
0008:   20  306   20   10 3 |  1955  1935   189  1440
0009:   50  307   20   10 1 |  2966  2916   187  2422
SUM: 3224 93.92 85.58 2365.40 1552.20 0.310
