PRIO 2
0000:    0  400   50   50 2 |  2919  2919   389  2130
0001:    0  300   40   40 4 |  1997  1997   385  1312
0002:    1  200   30   50 2 |  2289  2288   311  1777
0003:    1  301   20   10 4 |  1647  1646   142  1203
0004:    9  302   20   20 4 |  1834  1825   397  1126
0005:   10  303   15   30 1 |  3112  3102   485  2314
0006:   10  304    5   40 3 |  3253  3243  2061   878
0007:   11  305   20   40 3 |  2414  2403   696  1402
0008:   20  306   20   10 3 |  2147  2127   204  1617
0009:   50  307   20   10 1 |  2953  2903   154  2442
SUM: 3253 93.08 85.18 2445.30 1620.10 0.307
